-0.025676523297491045 0.015564025733674103
-0.024641577060931903 0.015564025733674103
-0.018776881720430114 0.012391380981757294
-0.012419354838709679 0.006751123645016316
-0.008082437275985663 0.0004058341411826982
-0.0076388888888888895 -0.0031193266942804165
-0.011975806451612905 -0.00972900326077377
-0.017298387096774198 -0.011932228782938217
-0.02227598566308244 -0.006997003613289851
-0.025824372759856634 0.005252930289944488
-0.027105734767025096 0.012655768044417037
-0.02730286738351255 0.015564025733674103
-0.025183691756272407 0.016092799858993576
-0.020452508960573483 0.010981316647572056
-0.01680555555555556 0.004107253018418966
-0.013996415770609325 -0.0034718427778267363
-0.013207885304659502 -0.006027584383537496
-0.012961469534050182 -0.005851326341764343
-0.01202508960573477 -0.00303119767339384
-0.011827956989247317 -0.0021499074645280614
-0.01335573476702509 -0.002502423548074381
-0.017495519713261652 -0.005498810258218023
-0.020551075268817207 -0.006027584383537496
-0.02267025089605735 -0.003912487882259619
-0.0230152329749104 -0.003207455715166993
-0.021635304659498214 -0.0038243588613730423
-0.01981182795698925 -0.006732616550630122
-0.017939068100358425 -0.00972900326077377
-0.017150537634408602 -0.010698422490526126
-0.016263440860215056 -0.009817132281660347
-0.01966397849462366 0.0051648012690579115
-0.01991039426523298 0.005957962457037114
-0.019959677419354845 0.009394994271613652
-0.0183826164874552 0.012655768044417037
-0.015721326164874552 0.01283202608619019
-0.012961469534050182 0.01089318762668548
-0.01049731182795699 0.006398607561469996
-0.010053763440860217 0.0021684145589142556
-0.011335125448028678 5.3318057636378424e-05
-0.014144265232974913 -0.0010042301930025532
-0.017150537634408602 0.00022957609940954526
-0.02109318996415771 0.005429188331717641
-0.023409498207885307 0.012655768044417037
-0.023064516129032264 0.016180928879880152
-0.020206093189964164 0.01512338062924122
-0.015770609318996417 0.008513704062747873
-0.013996415770609325 0.0008464792456155806
-0.014094982078853048 -0.002502423548074381
-0.016362007168458786 -0.003559971798713313
-0.020797491039426526 0.0010227372873887475
-0.023064516129032264 0.00569357539437737
-0.023360215053763442 0.008954349167180756
-0.020107526881720433 0.008161187979201553
-0.014686379928315417 0.0018158984753679497
-0.012419354838709679 -0.0057631973208777665
-0.012813620071684594 -0.00955274521900061
-0.016066308243727602 -0.010786551511412702
-0.020008960573476703 -0.006820745571516698
-0.024247311827956995 0.002432801621573985
-0.02469086021505377 0.008689962104521026
-0.022029569892473122 0.010364413501366007
-0.016756272401433694 0.0078086718956552476
-0.013996415770609325 0.002961575746893458
-0.014094982078853048 -0.0012686172556622827
-0.01646057347670251 -0.002502423548074381
-0.021635304659498214 0.0010227372873887475
-0.02513440860215054 0.006839252665902892
-0.02597222222222223 0.01344892923239624
-0.023458781362007172 0.01309641314884992
-0.02242383512544803 0.012126993919097565
-0.02242383512544803 0.012126993919097565
-0.021783154121863803 0.01115757468934521
-0.019959677419354845 0.007368026791222351
-0.019269713261648752 0.002432801621573985
-0.019614695340501795 0.00031770512029612175
-0.023212365591397853 0.0016396404335947828
-0.026169354838709684 0.005957962457037114
-0.028189964157706096 0.011598219793778092
-0.026415770609319003 0.013184542169736496
-0.02217741935483871 0.010981316647572056
-0.01705197132616488 0.004371640081078709
-0.01537634408602151 -0.000387327046796504
-0.016115591397849467 -0.00338371375694016
-0.020649641577060937 -0.0010923592138891297
-0.02513440860215054 0.006839252665902892
-0.02597222222222223 0.011510090772891515
-0.02074820788530466 0.008778091125407603
-0.015080645161290325 0.0017277694544813593
-0.01074372759856631 -0.008407067947475096
-0.01059587813620072 -0.014487970388648977
-0.014883512544802871 -0.013077906054463732
-0.021043906810035845 -0.0032955847360535834
-0.024789426523297492 0.00824931700008813
-0.02503584229390681 0.013008284127963343
-0.020698924731182802 0.010452542522252584
-0.01655913978494624 0.003930994976645813
-0.013503584229390686 -0.003912487882259619
-0.013750000000000005 -0.006997003613289851
-0.016362007168458786 -0.005410681237331447
-0.021881720430107533 0.0030497047677800343
-0.024740143369175634 0.012215122939984141
-0.023508064516129037 0.0147708645456949
-0.01813620071684588 0.009042478188067332
-0.013996415770609325 -0.0002991980259099275
-0.013109318996415771 -0.006027584383537496
-0.014883512544802871 -0.006556358508856969
-0.01808691756272402 -0.0025905525689609576
-0.02148745519713262 0.004900414206398168
-0.02193100358422939 0.009130607208953909
-0.019121863799283156 0.0078086718956552476
-0.01596774193548387 0.0017277694544813593
-0.015179211469534055 -0.0027668106107341106
-0.017150537634408602 -0.0037362298404864658
-0.020551075268817207 5.3318057636378424e-05
-0.0240994623655914 0.007279897770335775
-0.024789426523297492 0.010364413501366007
-0.02193100358422939 0.009571252313386805
-0.01798835125448029 0.004988543227284745
-0.014686379928315417 -0.0015330043183220121
-0.014292114695340502 -0.0027668106107341106
-0.017495519713261652 0.011862606856437835
-0.018678315412186383 0.011950735877324412
-0.02276881720430108 0.012655768044417037
-0.02621863799283155 0.013713316295055969
-0.02814068100358423 0.015299638671014373
-0.026760752688172046 0.017150348109632507
-0.02084677419354839 0.014506477483035171
-0.015228494623655914 0.007632413853882095
-0.013405017921146956 0.001110866308275324
-0.014932795698924736 -0.002238036485414638
-0.019269713261648752 -0.0014448752974354356
-0.024247311827956995 0.005869833436150537
-0.027105734767025096 0.015740283775447256
-0.025183691756272407 0.020058605798889587
-0.018629032258064518 0.013801445315942545
-0.013257168458781367 0.0015515114127082064
-0.012961469534050182 -0.0076139067594959
-0.015425627240143375 -0.01016964836520666
-0.02148745519713262 -0.004881907112011974
-0.02715501792114696 0.006839252665902892
-0.028337813620071692 0.014153961399488865
-0.023458781362007172 0.013008284127963343
-0.01641129032258065 0.0031378337886666108
-0.013257168458781367 -0.006997003613289851
-0.015819892473118283 -0.01184409976205164
-0.023163082437275988 -0.003559971798713313
-0.027746415770609323 0.01089318762668548
-0.02547939068100359 0.015299638671014373
-0.018530465949820794 0.009483123292500228
-0.011778673835125451 -0.004793778091125397
-0.012419354838709679 -0.01184409976205164
-0.017298387096774198 -0.008671455010134832
-0.02242383512544803 0.0016396404335947828
-0.023212365591397853 0.011774477835551259
-0.020058243727598568 0.012391380981757294
-0.015474910394265233 0.007103639728562622
-0.013897849462365594 0.001110866308275324
-0.014932795698924736 -0.004088745924032786
-0.01951612903225807 -0.0027668106107341106
-0.024247311827956995 0.006839252665902892
-0.025331541218637996 0.016974090067859354
-0.021635304659498214 0.020146734819776163
-0.015869175627240148 0.013537058253282816
-0.01335573476702509 0.003578478893099507
-0.014538530465949821 -0.002061778443641485
-0.018826164874551972 -0.0006517141094562334
-0.024000896057347676 0.008513704062747873
-0.025922939068100365 0.01644531594253988
-0.02267025089605735 0.017238477130519084
-0.015770609318996417 0.008161187979201553
-0.011433691756272402 -0.00338371375694016
-0.011778673835125451 -0.00972900326077377
-0.016066308243727602 -0.008495196968361679
-0.021832437275985668 0.0011989953291619004
-0.024493727598566314 0.011950735877324412
-0.023261648745519718 0.015828412796333846
-0.01695340501792115 0.013008284127963343
-0.01074372759856631 0.003578478893099507
-0.008920250896057344 -0.004529391028465668
-0.012123655913978494 -0.006291971446197225
-0.016854838709677425 -0.0016211333392086025
-0.018333333333333333 0.0006702212038424277
-0.018333333333333333 0.0006702212038424277
-0.018431899641577064 0.0017277694544813593
-0.018579749103942653 0.004988543227284745
-0.01813620071684588 0.008689962104521026
-0.01641129032258065 0.006751123645016316
-0.01335573476702509 -0.001709262360095179
-0.012419354838709679 -0.0099933903234335
-0.01503136200716846 -0.013077906054463732
-0.020551075268817207 -0.006997003613289851
-0.02528225806451613 0.0051648012690579115
-0.025430107526881726 0.012920155107076767
-0.01951612903225807 0.011862606856437835
-0.014292114695340502 0.00604609147792369
-0.011039426523297494 -0.002238036485414638
-0.012370071684587813 -0.007173261655063004
-0.01788978494623656 -0.006027584383537496
-0.02370519713261649 0.0017277694544813593
-0.026070788530465953 0.012215122939984141
-0.023902329749103945 0.017590993214065404
-0.016904121863799283 0.013008284127963343
-0.009560931899641578 0.0004058341411826982
-0.006899641577060939 -0.010874680532299279
-0.00847670250896057 -0.013959196263329511
-0.014637096774193552 -0.008230809905701943
-0.021635304659498214 0.0066629946241297255
-0.024789426523297492 0.01900105754825064
-0.021783154121863803 0.0215567991539614
-0.014932795698924736 0.01283202608619019
-0.010645161290322586 0.0005820921829558512
-0.010300179211469536 -0.006908874592403275
-0.012961469534050182 -0.007702035780382477
-0.017298387096774198 -0.0017973913809817554
-0.02252240143369176 0.010100026438706278
-0.023261648745519718 0.017590993214065404
-0.020353942652329753 0.0167978320260862
-0.018530465949820794 0.01309641314884992
0.014390681003584233 0.014858993566581477
0.015031362007168467 0.014418348462148595
0.017347670250896063 0.011598219793778092
0.01907258064516129 0.007191768749449198
0.01976254480286739 0.00031770512029612175
0.01650985663082437 -0.0076139067594959
0.012419354838709679 -0.01254913192914426
0.007146057347670251 -0.013606680179783198
0.004534050179211463 -0.004970036132898564
0.005815412186379931 0.009394994271613652
0.007934587813620067 0.016180928879880152
0.01039874551971326 0.016621573984313034
0.014094982078853041 0.011862606856437835
0.016460573476702517 0.003578478893099507
0.017150537634408602 -0.002238036485414638
0.017150537634408602 -0.0036481008195998893
0.017150537634408602 -0.003559971798713313
0.017002688172043007 -0.003207455715166993
0.01547491039426524 -0.004881907112011974
0.012468637992831544 -0.008847713051907992
0.009708781362007174 -0.011579712699391904
0.00773745519713262 -0.010522164448752973
0.008181003584229393 -0.0055869392791046
0.01069444444444445 0.0017277694544813593
0.013306451612903225 0.005252930289944488
0.014242831541218637 0.005869833436150537
0.014489247311827963 0.005869833436150537
0.014489247311827963 0.0053410593108310644
0.013897849462365594 0.0032259628095531873
0.012862903225806452 0.0010227372873887475
0.012665770609318991 0.0004058341411826982
0.012567204301075274 0.0004058341411826982
0.012271505376344083 0.000934608266502171
0.011778673835125444 0.0013752533709350534
0.011630824372759863 0.0013752533709350534
0.015819892473118283 0.018031638318498286
0.01596774193548388 0.016092799858993576
0.01621415770609319 0.00860183308363445
0.015031362007168467 0.001287124350048477
0.013749999999999998 -0.0012686172556622827
0.013109318996415778 -0.0009161011721159767
0.010891577060931898 0.004900414206398168
0.01118727598566309 0.0078086718956552476
0.014341397849462367 0.005957962457037114
0.017347670250896063 -0.0008279721512294003
0.017889784946236567 -0.0057631973208777665
0.016263440860215056 -0.009023971093681145
0.011778673835125444 -0.006732616550630122
0.006111111111111109 0.004459769101965286
0.004780465949820789 0.014418348462148595
0.0076388888888888895 0.016885961046972778
0.014193548387096772 0.01089318762668548
0.018185483870967745 0.0007583502247290042
0.018481182795698922 -0.007349519696836157
0.016362007168458786 -0.0099933903234335
0.011630824372759863 -0.006820745571516698
0.0074417562724014286 0.004283511060192133
0.006751792114695343 0.011245703710231786
0.0092652329749104 0.014330219441262018
0.012222222222222218 0.012743897065303614
0.014193548387096772 0.007368026791222351
0.013897849462365594 0.0021684145589142556
0.012172939068100352 0.00014144707852296878
0.00847670250896057 0.002432801621573985
0.005766129032258066 0.008954349167180756
0.006456093189964152 0.012655768044417037
0.009117383512544805 0.011686348814664682
0.012764336917562721 0.0053410593108310644
0.013602150537634403 -0.0013567462765488592
0.012320788530465948 -0.007349519696836157
0.009511648745519713 -0.008407067947475096
0.0064068100358423 -0.0023261655063012143
0.006357526881720435 0.005605446373490794
0.01069444444444445 0.009130607208953909
0.01458781362007168 0.008161187979201553
0.017101254480286737 0.002256543579800832
0.015869175627240148 -0.005234423195558294
0.01202508960573477 -0.009464616198114034
0.008920250896057344 -0.008671455010134832
0.005716845878136201 5.3318057636378424e-05
0.0076388888888888895 0.00631047854058342
0.011877240143369175 0.007103639728562622
0.01621415770609319 0.0021684145589142556
0.01739695340501793 -0.003207455715166993
0.015425627240143375 -0.008583325989248256
0.009117383512544805 -0.007437648717722747
0.005224014336917562 -0.0009161011721159767
0.0032526881720430084 0.009218736229840499
0.005963261648745513 0.014065832378602275
0.011482974910394267 0.01115757468934521
0.014489247311827963 0.005076672248171335
0.015425627240143375 -0.0027668106107341106
0.014242831541218637 -0.006203842425310649
0.011285842293906806 -0.004000616903146195
0.009018817204301074 0.0017277694544813593
0.008230286738351258 0.007279897770335775
0.010645161290322586 0.008161187979201553
0.01345430107526882 0.004283511060192133
0.014094982078853041 0.0017277694544813593
0.014094982078853041 0.0017277694544813593
0.014637096774193545 0.0017277694544813593
0.015819892473118283 0.0019040274962545262
0.016756272401433694 0.001287124350048477
0.016362007168458786 -0.0027668106107341106
0.01335573476702509 -0.007173261655063004
0.009560931899641578 -0.006820745571516698
0.006899641577060939 -3.481096325019806e-05
0.007146057347670251 0.007279897770335775
0.011581541218637997 0.009571252313386805
0.016066308243727595 0.0053410593108310644
0.01754480286738351 -0.002238036485414638
0.01601702508960573 -0.008054551863928783
0.01335573476702509 -0.009112100114567721
0.01059587813620072 -0.0042650039658059385
0.009314516129032252 0.003578478893099507
0.011482974910394267 0.00824931700008813
0.015277777777777779 0.007103639728562622
0.01897401433691756 5.3318057636378424e-05
0.019023297491039426 -0.008054551863928783
0.017988351254480284 -0.011227196615845592
0.015425627240143375 -0.009640874239887187
0.012813620071684587 -0.000387327046796504
0.012517921146953409 0.00824931700008813
0.014735663082437275 0.01089318762668548
0.019121863799283156 0.006751123645016316
0.01966397849462366 -0.0002991980259099275
0.01833333333333334 -0.003912487882259619
0.01325716845878136 -0.003559971798713313
0.008920250896057344 0.003578478893099507
0.007688172043010755 0.010364413501366007
0.01069444444444445 0.012655768044417037
0.014735663082437275 0.01089318762668548
0.01621415770609319 0.008513704062747873
0.01621415770609319 0.0066629946241297255
0.01478494623655914 0.006839252665902892
0.011285842293906806 0.010364413501366007
0.00980734767025089 0.013360800211509663
0.010842293906810033 0.014153961399488865
0.013552867383512551 0.010628800564025737
0.014637096774193545 0.003930994976645813
0.013848566308243729 -0.0002991980259099275
0.012271505376344083 -0.0006517141094562334
0.010103046594982082 0.0033140918304397637
0.010300179211469529 0.007368026791222351
0.013848566308243729 0.007632413853882095
0.015425627240143375 0.00604609147792369
0.01202508960573477 0.01080505860579889
0.011778673835125444 0.012743897065303614
0.011384408602150536 0.01935357363179696
0.012419354838709679 0.023495637613466125
0.01754480286738351 0.021204283070415095
0.02168458781362008 0.012303251960870717
0.02148745519713262 0.004283511060192133
0.017051971326164872 0.0004058341411826982
0.009955197132616486 0.004459769101965286
0.005174731182795697 0.011774477835551259
0.0033019713261648737 0.02049925090332247
0.008328853046594989 0.0235837666343527
0.017150537634408602 0.019441702652683537
0.021980286738351257 0.01283202608619019
0.02173387096774193 0.006222349519696843
0.01641129032258065 0.0026971886842337284
0.009955197132616486 0.004724156164625015
0.005963261648745513 0.011510090772891515
0.00630824372759857 0.01644531594253988
0.011630824372759863 0.017502864193178827
0.016362007168458786 0.011421961752004939
0.017199820788530468 0.0025209306424605615
0.013897849462365594 -0.004088745924032786
0.008230286738351258 -0.00532255221644487
0.002956989247311831 0.0014633823918216299
0.001774193548387093 0.011598219793778092
0.005026881720430101 0.016709703005199625
0.012271505376344083 0.014682735524808324
0.016362007168458786 0.006751123645016316
0.014439964157706098 -0.0027668106107341106
0.010990143369175628 -0.004176874944919362
0.00497759856630825 0.002432801621573985
0.0018234767025089582 0.013360800211509663
0.004928315412186385 0.019089186569137218
0.013010752688172048 0.015211509650127797
0.019220430107526887 0.005252930289944488
0.019811827956989256 -0.005498810258218023
0.015425627240143375 -0.011139067594959015
0.00783602150537635 -0.006820745571516698
0.0014292114695340502 0.005957962457037114
0.0018727598566308234 0.016709703005199625
0.0068503584229390735 0.018472283422931182
0.014390681003584233 0.01115757468934521
0.017347670250896063 -0.00012293998413677454
0.015031362007168467 -0.008054551863928783
0.009905913978494621 -0.008407067947475096
0.003991935483870973 -0.00021106900502335102
0.0018234767025089582 0.010188155459592854
0.006751792114695343 0.014330219441262018
0.014637096774193545 0.008778091125407603
0.018530465949820787 -0.002061778443641485
0.017692652329749106 -0.01043403542786639
0.012961469534050182 -0.012020357803824794
0.005963261648745513 -0.0042650039658059385
0.0012813620071684545 0.008073058958314977
0.0022670250896057315 0.014153961399488865
0.009462365591397848 0.013272671190623073
0.016164874551971326 0.004107253018418966
0.01833333333333334 -0.0046175200493522445
0.017791218637992837 -0.007437648717722747
0.014834229390681006 -0.005146294174671717
0.010201612903225812 0.005429188331717641
0.009413082437275982 0.0078086718956552476
